[1cb0]
25
0 1
1 2
2 3
3 5
4 6
5 8
6 9
7 11
8 13
9 15
10 17
11 20
12 23
13 27
14 32
15 37
16 45
17 52
18 62
19 74
20 88
21 108
22 132
23 180
24 232
[1cb1]
26
0 1
1 2
2 3
3 4
4 5
5 6
6 7
7 9
8 10
9 12
10 14
11 16
12 19
13 21
14 25
15 29
16 35
17 41
18 50
19 58
20 68
21 82
22 100
23 124
24 164
25 216
[1cb2]
24
0 1
1 3
2 5
3 7
4 9
5 11
6 13
7 15
8 18
9 21
10 24
11 27
12 32
13 37
14 44
15 52
16 62
17 74
18 88
19 104
20 124
21 148
22 184
23 240
[1th0]
107
1 1 0.850 25.87
2 2 1.694 14.85
3 3 2.525 10.72
4 4 3.337 8.50
5 5 4.124 7.10
6 6 4.882 6.11
7 7 5.608 5.37
8 8 6.301 4.79
9 9 6.959 4.32
10 10 7.581 3.92
11 11 8.169 3.57
12 12 8.723 3.25
13 13 9.244 2.95
14 14 9.734 2.67
15 15 10.195 2.39
16 16 10.629 2.11
17 17 11.037 1.83
18 18 11.421 1.53
19 19 11.783 1.23
20 20 12.125 0.90
21 21 12.448 0.56
22 22 12.753 0.21
23 23 13.042 -0.17
24 24 13.317 -0.56
25 25 13.578 -0.96
26 26 13.826 -1.38
27 27 14.062 -1.79
28 28 14.288 -2.21
29 29 14.504 -2.63
30 30 14.711 -3.03
31 31 14.909 -3.41
32 32 15.100 -3.77
33 33 15.284 -4.09
34 34 15.460 -4.37
35 35 15.631 -4.60
36 36 15.796 -4.78
37 37 15.955 -4.91
38 38 16.110 -4.97
39 39 16.260 -4.98
40 40 16.406 -4.92
41 41 16.547 -4.81
42 42 16.685 -4.65
43 43 16.820 -4.43
44 44 16.951 -4.17
45 45 17.079 -3.87
46 46 17.205 -3.54
47 47 17.327 -3.19
48 48 17.447 -2.82
49 50 17.680 -2.06
50 52 17.905 -1.32
51 54 18.121 -0.64
52 56 18.331 -0.04
53 58 18.534 0.47
54 60 18.731 0.89
55 62 18.922 1.23
56 64 19.108 1.51
57 66 19.289 1.74
58 68 19.464 1.93
59 70 19.635 2.11
60 72 19.801 2.28
61 74 19.963 2.46
62 76 20.120 2.63
63 78 20.273 2.82
64 80 20.421 3.03
65 82 20.565 3.25
66 84 20.705 3.49
67 86 20.840 3.74
68 88 20.972 4.02
69 90 21.099 4.32
70 92 21.222 4.64
71 94 21.342 4.98
72 96 21.457 5.35
73 100 21.677 6.15
74 104 21.882 7.07
75 108 22.074 8.10
76 112 22.253 9.25
77 116 22.420 10.54
78 120 22.576 11.97
79 124 22.721 13.56
80 128 22.857 15.31
81 132 22.984 17.23
82 136 23.102 19.34
83 140 23.213 21.64
84 144 23.317 24.15
85 148 23.415 26.88
86 152 23.506 29.84
87 156 23.592 33.05
88 160 23.673 36.52
89 164 23.749 40.25
90 168 23.821 44.27
91 172 23.888 48.59
92 176 23.952 53.22
93 180 24.013 58.18
94 184 24.070 63.49
95 188 24.125 68.00
96 192 24.176 68.00
97 196 24.225 68.00
98 200 24.271 68.00
99 204 24.316 68.00
100 208 24.358 68.00
101 212 24.398 68.00
102 216 24.436 68.00
103 220 24.473 68.00
104 224 24.508 68.00
105 228 24.542 68.00
106 232 24.574 68.00
[1th1]
103
1 1 0.925 24.17
2 2 1.842 13.87
3 3 2.742 10.01
4 4 3.618 7.94
5 5 4.463 6.62
6 6 5.272 5.70
7 7 6.041 5.00
8 8 6.770 4.45
9 9 7.457 4.00
10 10 8.103 3.61
11 11 8.708 3.26
12 12 9.275 2.93
13 13 9.805 2.63
14 14 10.301 2.32
15 15 10.765 2.02
16 16 11.199 1.71
17 17 11.606 1.38
18 18 11.988 1.04
19 19 12.347 0.67
20 20 12.684 0.29
21 21 13.002 -0.11
22 22 13.302 -0.54
23 23 13.586 -0.97
24 24 13.855 -1.43
25 25 14.111 -1.88
26 26 14.354 -2.34
27 27 14.585 -2.79
28 28 14.807 -3.22
29 29 15.018 -3.62
30 30 15.221 -3.98
31 31 15.415 -4.30
32 32 15.602 -4.57
33 33 15.783 -4.77
34 34 15.956 -4.91
35 35 16.124 -4.98
36 36 16.287 -4.97
37 37 16.445 -4.90
38 38 16.598 -4.76
39 39 16.746 -4.55
40 40 16.891 -4.29
41 41 17.032 -3.99
42 42 17.169 -3.64
43 43 17.303 -3.26
44 44 17.434 -2.86
45 45 17.563 -2.45
46 46 17.688 -2.04
47 47 17.811 -1.63
48 48 17.932 -1.24
49 50 18.166 -0.51
50 52 18.392 0.12
51 54 18.611 0.64
52 56 18.823 1.06
53 58 19.028 1.39
54 60 19.226 1.66
55 62 19.419 1.88
56 64 19.606 2.08
57 66 19.788 2.27
58 68 19.964 2.46
59 70 20.135 2.65
60 72 20.300 2.86
61 74 20.461 3.09
62 76 20.616 3.33
63 78 20.766 3.60
64 80 20.912 3.89
65 82 21.052 4.20
66 84 21.188 4.54
67 86 21.318 4.91
68 88 21.445 5.31
69 90 21.567 5.73
70 92 21.684 6.18
71 94 21.797 6.67
72 96 21.906 7.19
73 100 22.113 8.33
74 104 22.304 9.63
75 108 22.482 11.08
76 112 22.646 12.71
77 116 22.799 14.53
78 120 22.941 16.54
79 124 23.072 18.77
80 128 23.195 21.23
81 132 23.309 23.94
82 136 23.415 26.90
83 140 23.515 30.14
84 144 23.607 33.67
85 148 23.694 37.51
86 152 23.775 41.67
87 156 23.852 46.17
88 160 23.923 51.04
89 164 23.991 56.29
90 168 24.054 61.94
91 172 24.114 68.00
92 176 24.171 68.00
93 180 24.224 68.00
94 184 24.275 68.00
95 188 24.322 68.00
96 192 24.368 68.00
97 196 24.411 68.00
98 200 24.452 68.00
99 204 24.491 68.00
100 208 24.528 68.00
101 212 24.564 68.00
102 216 24.597 68.00
[1th2]
103
1 1 0.925 24.17
2 2 1.842 13.87
3 3 2.742 10.01
4 4 3.618 7.94
5 5 4.463 6.62
6 6 5.272 5.70
7 7 6.041 5.00
8 8 6.770 4.45
9 9 7.457 4.00
10 10 8.103 3.61
11 11 8.708 3.26
12 12 9.275 2.93
13 13 9.805 2.63
14 14 10.301 2.32
15 15 10.765 2.02
16 16 11.199 1.71
17 17 11.606 1.38
18 18 11.988 1.04
19 19 12.347 0.67
20 20 12.684 0.29
21 21 13.002 -0.11
22 22 13.302 -0.54
23 23 13.586 -0.97
24 24 13.855 -1.43
25 25 14.111 -1.88
26 26 14.354 -2.34
27 27 14.585 -2.79
28 28 14.807 -3.22
29 29 15.018 -3.62
30 30 15.221 -3.98
31 31 15.415 -4.30
32 32 15.602 -4.57
33 33 15.783 -4.77
34 34 15.956 -4.91
35 35 16.124 -4.98
36 36 16.287 -4.97
37 37 16.445 -4.90
38 38 16.598 -4.76
39 39 16.746 -4.55
40 40 16.891 -4.29
41 41 17.032 -3.99
42 42 17.169 -3.64
43 43 17.303 -3.26
44 44 17.434 -2.86
45 45 17.563 -2.45
46 46 17.688 -2.04
47 47 17.811 -1.63
48 48 17.932 -1.24
49 50 18.166 -0.51
50 52 18.392 0.12
51 54 18.611 0.64
52 56 18.823 1.06
53 58 19.028 1.39
54 60 19.226 1.66
55 62 19.419 1.88
56 64 19.606 2.08
57 66 19.788 2.27
58 68 19.964 2.46
59 70 20.135 2.65
60 72 20.300 2.86
61 74 20.461 3.09
62 76 20.616 3.33
63 78 20.766 3.60
64 80 20.912 3.89
65 82 21.052 4.20
66 84 21.188 4.54
67 86 21.318 4.91
68 88 21.445 5.31
69 90 21.567 5.73
70 92 21.684 6.18
71 94 21.797 6.67
72 96 21.906 7.19
73 100 22.113 8.33
74 104 22.304 9.63
75 108 22.482 11.08
76 112 22.646 12.71
77 116 22.799 14.53
78 120 22.941 16.54
79 124 23.072 18.77
80 128 23.195 21.23
81 132 23.309 23.94
82 136 23.415 26.90
83 140 23.515 30.14
84 144 23.607 33.67
85 148 23.694 37.51
86 152 23.775 41.67
87 156 23.852 46.17
88 160 23.923 51.04
89 164 23.991 56.29
90 168 24.054 61.94
91 172 24.114 68.00
92 176 24.171 68.00
93 180 24.224 68.00
94 184 24.275 68.00
95 188 24.322 68.00
96 192 24.368 68.00
97 196 24.411 68.00
98 200 24.452 68.00
99 204 24.491 68.00
100 208 24.528 68.00
101 212 24.564 68.00
102 216 24.597 68.00
[2cb0]
27
0 1
1 2 
2 3
3 5
4 7
5 10
6 13
7 16
8 19
9 22
10 26
11 30
12 35
13 40
14 46
15 54
16 64
17 76
18 90
19 104
20 124
21 148
22 176
23 216
24 264
25 360
26 464
[2cb1]
27
0 1
1 2
2 3
3 5
4 7
5 9
6 12
7 14
8 17
9 20
10 24
11 27
12 32
13 37
14 42
15 50
16 58
17 70
18 82
19 100
20 116
21 136
22 164
23 200
24 248
25 328
26 432
[2cb2]
25
0 1
1 3
2 6
3 10
4 13
5 17
6 21
7 25
8 30
9 35
10 41
11 47
12 54
13 64
14 74
15 88
16 104
17 124
18 148
19 176
20 208
21 248
22 296
23 368
24 480
[2th0]
131
1 1 0.425 45.05
2 2 0.850 25.87
3 3 1.273 18.70
4 4 1.694 14.85
5 5 2.112 12.41
6 6 2.525 10.72
7 7 2.934 9.47
8 8 3.337 8.50
9 9 3.733 7.73
10 10 4.124 7.10
11 11 4.507 6.56
12 12 4.882 6.11
13 13 5.249 5.72
14 14 5.608 5.37
15 15 5.959 5.07
16 16 6.301 4.79
17 17 6.634 4.55
18 18 6.959 4.32
19 19 7.274 4.11
20 20 7.581 3.92
21 21 7.879 3.74
22 22 8.169 3.57
23 23 8.450 3.40
24 24 8.723 3.25
25 25 8.987 3.10
26 26 9.244 2.95
27 27 9.493 2.81
28 28 9.734 2.67
29 29 9.968 2.53
30 30 10.195 2.39
31 31 10.416 2.25
32 32 10.629 2.11
33 33 10.836 1.97
34 34 11.037 1.83
35 35 11.232 1.68
36 36 11.421 1.53
37 37 11.605 1.38
38 38 11.783 1.23
39 39 11.957 1.07
40 40 12.125 0.90
41 41 12.289 0.74
42 42 12.448 0.56
43 43 12.603 0.39
44 44 12.753 0.21
45 45 12.900 0.02
46 46 13.042 -0.17
47 47 13.181 -0.36
48 48 13.317 -0.56
49 50 13.577 -0.96
50 52 13.826 -1.38
51 54 14.062 -1.79
52 56 14.288 -2.21
53 58 14.504 -2.63
54 60 14.711 -3.03
55 62 14.909 -3.41
56 64 15.100 -3.77
57 66 15.284 -4.09
58 68 15.460 -4.37
59 70 15.631 -4.60
60 72 15.796 -4.78
61 74 15.955 -4.91
62 76 16.110 -4.97
63 78 16.260 -4.98
64 80 16.406 -4.92
65 82 16.547 -4.81
66 84 16.685 -4.65
67 86 16.820 -4.43
68 88 16.951 -4.17
69 90 17.079 -3.87
70 92 17.205 -3.54
71 94 17.327 -3.19
72 96 17.447 -2.82
73 100 17.680 -2.06
74 104 17.905 -1.32
75 108 18.121 -0.64
76 112 18.331 -0.04
77 116 18.534 0.47
78 120 18.731 0.89
79 124 18.922 1.23
80 128 19.108 1.51
81 132 19.289 1.74
82 136 19.464 1.93
83 140 19.635 2.11
84 144 19.801 2.28
85 148 19.963 2.46
86 152 20.120 2.63
87 156 20.273 2.82
88 160 20.421 3.03
89 164 20.565 3.25
90 168 20.705 3.49
91 172 20.840 3.74
92 176 20.972 4.02
93 180 21.099 4.32
94 184 21.222 4.64
95 188 21.342 4.98
96 192 21.457 5.35
97 200 21.677 6.15
98 208 21.882 7.07
99 216 22.074 8.10
100 224 22.253 9.25
101 232 22.420 10.54
102 240 22.576 11.97
103 248 22.721 13.56
104 256 22.857 15.31
105 264 22.984 17.23
106 272 23.102 19.34
107 280 23.213 21.64
108 288 23.317 24.15
109 296 23.415 26.88
110 304 23.506 29.84
111 312 23.592 33.05
112 320 23.673 36.52
113 328 23.749 40.25
114 336 23.821 44.27
115 344 23.888 48.59
116 352 23.952 53.22
117 360 24.013 58.18
118 368 24.070 63.49
119 376 24.125 68.00
120 384 24.176 68.00
121 392 24.225 68.00
122 400 24.271 68.00
123 408 24.316 68.00
124 416 24.358 68.00
125 424 24.398 68.00
126 432 24.436 68.00
127 440 24.473 68.00
128 448 24.508 68.00
129 456 24.542 68.00
130 464 24.574 68.00
[2th1]
127
1 1 0.463 42.10
2 2 0.925 24.17
3 3 1.385 17.47
4 4 1.842 13.87
5 5 2.295 11.60
6 6 2.742 10.01
7 7 3.184 8.84
8 8 3.618 7.94
9 9 4.045 7.22
10 10 4.463 6.62
11 11 4.872 6.12
12 12 5.272 5.70
13 13 5.661 5.33
14 14 6.041 5.00
15 15 6.411 4.71
16 16 6.770 4.45
17 17 7.119 4.21
18 18 7.457 4.00
19 19 7.785 3.79
20 20 8.103 3.61
21 21 8.410 3.43
22 22 8.708 3.26
23 23 8.996 3.09
24 24 9.275 2.93
25 25 9.544 2.78
26 26 9.805 2.63
27 27 10.057 2.47
28 28 10.301 2.32
29 29 10.537 2.17
30 30 10.765 2.02
31 31 10.986 1.86
32 32 11.199 1.71
33 33 11.406 1.55
34 34 11.606 1.38
35 35 11.800 1.21
36 36 11.988 1.04
37 37 12.170 0.86
38 38 12.347 0.67
39 39 12.518 0.49
40 40 12.684 0.29
41 41 12.845 0.09
42 42 13.002 -0.11
43 43 13.154 -0.32
44 44 13.302 -0.54
45 45 13.446 -0.75
46 46 13.586 -0.97
47 47 13.723 -1.20
48 48 13.855 -1.43
49 50 14.111 -1.88
50 52 14.354 -2.34
51 54 14.585 -2.79
52 56 14.807 -3.22
53 58 15.018 -3.62
54 60 15.221 -3.98
55 62 15.415 -4.30
56 64 15.602 -4.57
57 66 15.783 -4.77
58 68 15.956 -4.91
59 70 16.124 -4.98
60 72 16.287 -4.97
61 74 16.445 -4.90
62 76 16.598 -4.76
63 78 16.746 -4.55
64 80 16.891 -4.29
65 82 17.032 -3.99
66 84 17.169 -3.64
67 86 17.303 -3.26
68 88 17.434 -2.86
69 90 17.563 -2.45
70 92 17.688 -2.04
71 94 17.811 -1.63
72 96 17.932 -1.24
73 100 18.166 -0.51
74 104 18.392 0.12
75 108 18.611 0.64
76 112 18.823 1.06
77 116 19.028 1.39
78 120 19.226 1.66
79 124 19.419 1.88
80 128 19.606 2.08
81 132 19.788 2.27
82 136 19.964 2.46
83 140 20.135 2.65
84 144 20.300 2.86
85 148 20.461 3.09
86 152 20.616 3.33
87 156 20.766 3.60
88 160 20.912 3.89
89 164 21.052 4.20
90 168 21.188 4.54
91 172 21.318 4.91
92 176 21.445 5.31
93 180 21.567 5.73
94 184 21.684 6.18
95 188 21.797 6.67
96 192 21.906 7.19
97 200 22.113 8.33
98 208 22.304 9.63
99 216 22.482 11.08
100 224 22.646 12.71
101 232 22.799 14.53
102 240 22.941 16.54
103 248 23.072 18.77
104 256 23.195 21.23
105 264 23.309 23.94
106 272 23.415 26.90
107 280 23.515 30.14
108 288 23.607 33.67
109 296 23.694 37.51
110 304 23.775 41.67
111 312 23.852 46.17
112 320 23.923 51.04
113 328 23.991 56.29
114 336 24.054 61.94
115 344 24.114 68.00
116 352 24.171 68.00
117 360 24.224 68.00
118 368 24.275 68.00
119 376 24.322 68.00
120 384 24.368 68.00
121 392 24.411 68.00
122 400 24.452 68.00
123 408 24.491 68.00
124 416 24.528 68.00
125 424 24.564 68.00
126 432 24.597 68.00
[2th2]
133
1 1 0.309 58.23
2 2 0.617 33.44
3 3 0.925 24.17
4 4 1.232 19.20
5 5 1.538 16.05
6 6 1.842 13.87
7 7 2.145 12.26
8 8 2.445 11.01
9 9 2.742 10.01
10 10 3.037 9.20
11 11 3.329 8.52
12 12 3.618 7.94
13 13 3.903 7.44
14 14 4.185 7.00
15 15 4.463 6.62
16 16 4.736 6.28
17 17 5.006 5.97
18 18 5.272 5.70
19 19 5.533 5.44
20 20 5.789 5.21
21 21 6.041 5.00
22 22 6.289 4.80
23 23 6.532 4.62
24 24 6.770 4.45
25 25 7.004 4.29
26 26 7.233 4.14
27 27 7.457 4.00
28 28 7.677 3.86
29 29 7.892 3.73
30 30 8.103 3.61
31 31 8.309 3.49
32 32 8.511 3.37
33 33 8.708 3.26
34 34 8.901 3.15
35 35 9.090 3.04
36 36 9.275 2.93
37 37 9.456 2.83
38 38 9.632 2.73
39 39 9.805 2.63
40 40 9.974 2.53
41 41 10.139 2.42
42 42 10.301 2.32
43 43 10.459 2.22
44 44 10.614 2.12
45 45 10.765 2.02
46 46 10.913 1.92
47 47 11.058 1.81
48 48 11.199 1.71
49 50 11.474 1.49
50 52 11.736 1.27
51 54 11.988 1.04
52 56 12.230 0.80
53 58 12.461 0.55
54 60 12.684 0.29
55 62 12.898 0.02
56 64 13.104 -0.25
57 66 13.302 -0.54
58 68 13.493 -0.83
59 70 13.678 -1.12
60 72 13.855 -1.43
61 74 14.027 -1.73
62 76 14.193 -2.04
63 78 14.354 -2.34
64 80 14.509 -2.64
65 82 14.660 -2.93
66 84 14.807 -3.22
67 86 14.949 -3.49
68 88 15.087 -3.74
69 90 15.221 -3.98
70 92 15.351 -4.20
71 94 15.478 -4.40
72 96 15.602 -4.57
73 100 15.841 -4.82
74 104 16.069 -4.96
75 108 16.287 -4.97
76 112 16.496 -4.86
77 116 16.697 -4.63
78 120 16.891 -4.29
79 124 17.078 -3.87
80 128 17.259 -3.39
81 132 17.434 -2.86
82 136 17.605 -2.31
83 140 17.770 -1.77
84 144 17.932 -1.24
85 148 18.089 -0.74
86 152 18.242 -0.29
87 156 18.392 0.12
88 160 18.539 0.48
89 164 18.682 0.79
90 168 18.823 1.06
91 172 18.960 1.29
92 176 19.095 1.49
93 180 19.226 1.66
94 184 19.356 1.81
95 188 19.482 1.95
96 192 19.606 2.08
97 200 19.847 2.33
98 208 20.079 2.59
99 216 20.300 2.86
100 224 20.513 3.17
101 232 20.717 3.51
102 240 20.912 3.89
103 248 21.098 4.31
104 256 21.275 4.79
105 264 21.445 5.31
106 272 21.606 5.88
107 280 21.760 6.50
108 288 21.906 7.19
109 296 22.046 7.93
110 304 22.178 8.75
111 312 22.304 9.63
112 320 22.424 10.58
113 328 22.538 11.60
114 336 22.646 12.71
115 344 22.749 13.90
116 352 22.847 15.18
117 352 22.941 16.54
118 368 23.030 18.01
119 376 23.114 19.57
120 384 23.195 21.23
121 382 23.272 23.01
122 400 23.345 24.90
123 408 23.415 26.90
124 416 23.482 29.03
125 424 23.546 31.28
126 432 23.607 33.67
127 440 23.666 36.19
128 448 23.722 38.86
129 456 23.775 41.67
130 464 23.827 44.63
131 472 23.876 47.76
132 480 23.923 51.04
[absthr_0]
table 0
10156347392.00
33708348.00
3987838.75
1269806.88
614805.19
372166.75
256884.33
192636.06
153016.27
126980.66
108576.95
95003.05
84671.56
76513.41
70103.16
64824.27
60358.38
56720.18
53424.14
50668.45
48276.70
46103.89
44232.10
42534.13
40995.63
39603.86
38347.55
37131.08
36036.08
35054.00
34098.68
33169.40
32339.82
31530.99
30742.39
29973.51
29291.23
28624.48
27972.91
27336.16
26652.48
26045.79
25452.92
24873.54
24307.35
23754.04
23159.95
22632.76
21514.81
21514.81
20452.08
20452.08
19397.13
19397.13
18354.29
18354.29
17327.57
17327.57
16320.66
16320.66
15336.90
15336.90
14412.44
14412.44
13481.48
13481.48
12610.65
12610.65
11796.08
11796.08
10983.42
10983.42
10250.32
10250.32
9544.16
9544.16
8907.13
8907.13
8312.61
8312.61
7775.67
7775.67
7273.40
7273.40
6834.99
6834.99
6452.64
6452.64
6105.73
6105.73
5804.14
5804.14
5542.91
5542.91
5330.13
5330.13
5031.96
5031.96
5031.96
5031.96
4872.34
4872.34
4872.34
4872.34
4861.13
4861.13
4861.13
4861.13
4985.83
4985.83
4985.83
4985.83
5257.00
5257.00
5257.00
5257.00
5685.09
5685.09
5685.09
5685.09
6262.35
6262.35
6262.35
6262.35
6994.19
6994.19
6994.19
6994.19
7902.01
7902.01
7902.01
7902.01
8968.87
8968.87
8968.87
8968.87
10156.35
10156.35
10156.35
10156.35
11474.60
11474.60
11474.60
11474.60
12874.71
12874.71
12874.71
12874.71
14280.31
14280.31
14280.31
14280.31
15694.14
15694.14
15694.14
15694.14
17050.52
17050.52
17050.52
17050.52
18312.08
18312.08
18312.08
18312.08
19486.67
19486.67
19486.67
19486.67
20546.49
20546.49
20546.49
20546.49
21514.81
21514.81
21514.81
21514.81
22373.69
22373.69
22373.69
22373.69
23159.95
23159.95
23159.95
23159.95
23918.70
23918.70
23918.70
23918.70
24645.50
24645.50
24645.50
24645.50
26105.83
26105.83
26105.83
26105.83
26105.83
26105.83
26105.83
26105.83
27716.45
27716.45
27716.45
27716.45
27716.45
27716.45
27716.45
27716.45
29494.26
29494.26
29494.26
29494.26
29494.26
29494.26
29494.26
29494.26
31676.53
31676.53
31676.53
31676.53
31676.53
31676.53
31676.53
31676.53
34256.07
34256.07
34256.07
34256.07
34256.07
34256.07
34256.07
34256.07
37388.46
37388.46
37388.46
37388.46
37388.46
37388.46
37388.46
37388.46
41184.86
41184.86
41184.86
41184.86
41184.86
41184.86
41184.86
41184.86
45997.86
45997.86
45997.86
45997.86
45997.86
45997.86
45997.86
45997.86
51848.66
51848.66
51848.66
51848.66
51848.66
51848.66
51848.66
51848.66
59120.43
59120.43
59120.43
59120.43
59120.43
59120.43
59120.43
59120.43
68192.65
68192.65
68192.65
68192.65
68192.65
68192.65
68192.65
68192.65
79935.11
79935.11
79935.11
79935.11
79935.11
79935.11
79935.11
79935.11
94784.55
94784.55
94784.55
94784.55
94784.55
94784.55
94784.55
94784.55
114482.10
114482.10
114482.10
114482.10
114482.10
114482.10
114482.10
114482.10
140196.64
140196.64
140196.64
140196.64
140196.64
140196.64
140196.64
140196.64
174476.75
174476.75
174476.75
174476.75
174476.75
174476.75
174476.75
174476.75
220667.11
220667.11
220667.11
220667.11
220667.11
220667.11
220667.11
220667.11
284929.63
284929.63
284929.63
284929.63
284929.63
284929.63
284929.63
284929.63
374746.47
374746.47
374746.47
374746.47
374746.47
374746.47
374746.47
374746.47
503196.50
503196.50
503196.50
503196.50
503196.50
503196.50
503196.50
503196.50
688236.44
688236.44
688236.44
688236.44
688236.44
688236.44
688236.44
688236.44
965467.38
965467.38
965467.38
965467.38
965467.38
965467.38
965467.38
965467.38
1382730.50
1382730.50
1382730.50
1382730.50
1382730.50
1382730.50
1382730.50
1382730.50
2026457.63
2026457.63
2026457.63
2026457.63
2026457.63
2026457.63
2026457.63
2026457.63
3053076.00
3053076.00
3053076.00
3053076.00
3053076.00
3053076.00
3053076.00
3053076.00
4717778.50
4717778.50
4717778.50
4717778.50
4717778.50
4717778.50
4717778.50
4717778.50
7477175.00
7477175.00
7477175.00
7477175.00
7477175.00
7477175.00
7477175.00
7477175.00
12210618.00
12210618.00
12210618.00
12210618.00
12210618.00
12210618.00
12210618.00
12210618.00
20499234.00
20499234.00
20499234.00
20499234.00
20499234.00
20499234.00
20499234.00
20499234.00
35541636.00
35541636.00
35541636.00
35541636.00
35541636.00
35541636.00
35541636.00
35541636.00
63494696.00
63494696.00
63494696.00
63494696.00
63494696.00
63494696.00
63494696.00
63494696.00
117418800.00
117418800.00
117418800.00
117418800.00
117418800.00
117418800.00
117418800.00
117418800.00
224252560.00
224252560.00
224252560.00
224252560.00
224252560.00
224252560.00
224252560.00
224252560.00
443340800.00
443340800.00
443340800.00
443340800.00
443340800.00
443340800.00
443340800.00
443340800.00
911459584.00
911459584.00
911459584.00
911459584.00
911459584.00
911459584.00
911459584.00
911459584.00
1935251712.00
1935251712.00
1935251712.00
1935251712.00
1935251712.00
1935251712.00
1935251712.00
1935251712.00
60776765194240.00
60776765194240.00
60776765194240.00
60776765194240.00
60776765194240.00
60776765194240.00
60776765194240.00
60776765194240.00
60776765194240.00
60776765194240.00
60776765194240.00
60776765194240.00
60776765194240.00
60776765194240.00
60776765194240.00
60776765194240.00
60776765194240.00
60776765194240.00
60776765194240.00
60776765194240.00
60776765194240.00
60776765194240.00
60776765194240.00
60776765194240.00
60776765194240.00
60776765194240.00
60776765194240.00
60776765194240.00
60776765194240.00
60776765194240.00
60776765194240.00
60776765194240.00
60776765194240.00
[absthr_1]
table 1
488357088.00
5898447.00
1131716.50
466377.53
265911.78
180192.88
135125.59
108078.07
90518.55
78295.64
69141.30
62335.81
56981.98
52569.95
49061.14
45997.86
43524.88
41279.80
39331.23
37647.63
36119.16
34732.62
33399.32
32265.44
31170.05
30111.86
29156.65
28231.74
27336.16
26469.00
25629.35
24816.33
24029.10
23266.85
22476.96
21713.89
20976.72
20264.58
19531.59
18781.82
18102.46
17367.51
16700.81
16022.77
15336.90
14680.39
14051.98
13419.54
12238.76
12238.76
11136.21
11136.21
10109.68
10109.68
9177.78
9177.78
8331.78
8331.78
7598.67
7598.67
6962.06
6962.06
6408.22
6408.22
5953.02
5953.02
5581.33
5581.33
5293.44
5293.44
5078.52
5078.52
4928.76
4928.76
4861.13
4861.13
4849.95
4849.95
4917.42
4917.42
5043.56
5043.56
5232.84
5232.84
5504.75
5504.75
5844.37
5844.37
6262.35
6262.35
6756.75
6756.75
7323.82
7323.82
7975.13
7975.13
9500.31
9500.31
9500.31
9500.31
11239.26
11239.26
11239.26
11239.26
13174.60
13174.60
13174.60
13174.60
15126.47
15126.47
15126.47
15126.47
17011.30
17011.30
17011.30
17011.30
18738.62
18738.62
18738.62
18738.62
20264.58
20264.58
20264.58
20264.58
21614.12
21614.12
21614.12
21614.12
22789.65
22789.65
22789.65
22789.65
23808.80
23808.80
23808.80
23808.80
24816.33
24816.33
24816.33
24816.33
25807.00
25807.00
25807.00
25807.00
26837.22
26837.22
26837.22
26837.22
27972.91
27972.91
27972.91
27972.91
29223.86
29223.86
29223.86
29223.86
30671.68
30671.68
30671.68
30671.68
32265.44
32265.44
32265.44
32265.44
34098.68
34098.68
34098.68
34098.68
36119.16
36119.16
36119.16
36119.16
38524.55
38524.55
38524.55
38524.55
41279.80
41279.80
41279.80
41279.80
44436.27
44436.27
44436.27
44436.27
48054.89
48054.89
48054.89
48054.89
52328.41
52328.41
52328.41
52328.41
62912.59
62912.59
62912.59
62912.59
62912.59
62912.59
62912.59
62912.59
77756.66
77756.66
77756.66
77756.66
77756.66
77756.66
77756.66
77756.66
98568.38
98568.38
98568.38
98568.38
98568.38
98568.38
98568.38
98568.38
128451.02
128451.02
128451.02
128451.02
128451.02
128451.02
128451.02
128451.02
172877.14
172877.14
172877.14
172877.14
172877.14
172877.14
172877.14
172877.14
240291.06
240291.06
240291.06
240291.06
240291.06
240291.06
240291.06
240291.06
346527.44
346527.44
346527.44
346527.44
346527.44
346527.44
346527.44
346527.44
517294.19
517294.19
517294.19
517294.19
517294.19
517294.19
517294.19
517294.19
806747.31
806747.31
806747.31
806747.31
806747.31
806747.31
806747.31
806747.31
1308391.13
1308391.13
1308391.13
1308391.13
1308391.13
1308391.13
1308391.13
1308391.13
2227088.75
2227088.75
2227088.75
2227088.75
2227088.75
2227088.75
2227088.75
2227088.75
3969516.00
3969516.00
3969516.00
3969516.00
3969516.00
3969516.00
3969516.00
3969516.00
7442819.50
7442819.50
7442819.50
7442819.50
7442819.50
7442819.50
7442819.50
7442819.50
14714232.00
14714232.00
14714232.00
14714232.00
14714232.00
14714232.00
14714232.00
14714232.00
30742394.00
30742394.00
30742394.00
30742394.00
30742394.00
30742394.00
30742394.00
30742394.00
68349824.00
68349824.00
68349824.00
68349824.00
68349824.00
68349824.00
68349824.00
68349824.00
161338400.00
161338400.00
161338400.00
161338400.00
161338400.00
161338400.00
161338400.00
161338400.00
407134048.00
407134048.00
407134048.00
407134048.00
407134048.00
407134048.00
407134048.00
407134048.00
1100874368.00
1100874368.00
1100874368.00
1100874368.00
1100874368.00
1100874368.00
1100874368.00
1100874368.00
3196962048.00
3196962048.00
3196962048.00
3196962048.00
3196962048.00
3196962048.00
3196962048.00
3196962048.00
10016993280.00
10016993280.00
10016993280.00
10016993280.00
10016993280.00
10016993280.00
10016993280.00
10016993280.00
34020253696.00
34020253696.00
34020253696.00
34020253696.00
34020253696.00
34020253696.00
34020253696.00
34020253696.00
124950298624.00
124950298624.00
124950298624.00
124950298624.00
124950298624.00
124950298624.00
124950298624.00
124950298624.00
124950298624.00
124950298624.00
124950298624.00
124950298624.00
124950298624.00
124950298624.00
124950298624.00
124950298624.00
124950298624.00
124950298624.00
124950298624.00
124950298624.00
124950298624.00
124950298624.00
124950298624.00
124950298624.00
124950298624.00
124950298624.00
124950298624.00
124950298624.00
124950298624.00
124950298624.00
124950298624.00
124950298624.00
124950298624.00
124950298624.00
124950298624.00
124950298624.00
124950298624.00
124950298624.00
124950298624.00
124950298624.00
124950298624.00
124950298624.00
124950298624.00
124950298624.00
124950298624.00
124950298624.00
124950298624.00
124950298624.00
124950298624.00
124950298624.00
124950298624.00
124950298624.00
124950298624.00
124950298624.00
124950298624.00
124950298624.00
124950298624.00
124950298624.00
124950298624.00
124950298624.00
124950298624.00
124950298624.00
124950298624.00
124950298624.00
124950298624.00
124950298624.00
124950298624.00
124950298624.00
124950298624.00
124950298624.00
124950298624.00
124950298624.00
124950298624.00
124950298624.00
124950298624.00
124950298624.00
124950298624.00
124950298624.00
124950298624.00
124950298624.00
124950298624.00
124950298624.00
124950298624.00
124950298624.00
124950298624.00
124950298624.00
124950298624.00
124950298624.00
124950298624.00
124950298624.00
124950298624.00
124950298624.00
124950298624.00
124950298624.00
124950298624.00
124950298624.00
60776765194240.00
60776765194240.00
60776765194240.00
60776765194240.00
60776765194240.00
60776765194240.00
60776765194240.00
60776765194240.00
60776765194240.00
60776765194240.00
60776765194240.00
60776765194240.00
60776765194240.00
60776765194240.00
60776765194240.00
60776765194240.00
60776765194240.00
60776765194240.00
60776765194240.00
60776765194240.00
60776765194240.00
60776765194240.00
60776765194240.00
60776765194240.00
60776765194240.00
60776765194240.00
60776765194240.00
60776765194240.00
60776765194240.00
60776765194240.00
60776765194240.00
60776765194240.00
60776765194240.00
60776765194240.00
60776765194240.00
60776765194240.00
60776765194240.00
60776765194240.00
60776765194240.00
60776765194240.00
60776765194240.00
60776765194240.00
60776765194240.00
60776765194240.00
60776765194240.00
60776765194240.00
60776765194240.00
60776765194240.00
60776765194240.00
[absthr_2]
table 2
247592464.00
3987838.75
852584.69
372166.75
220667.11
153016.27
116879.30
95003.05
80489.19
70103.16
62479.50
56720.18
52087.99
48276.70
45158.30
42534.13
40247.38
38347.55
36537.39
35054.00
33630.83
32339.82
31098.37
29973.51
28955.93
27972.91
26961.10
26045.79
25161.56
24307.35
23428.13
22632.76
21814.11
20976.72
20171.47
19397.13
18609.62
17813.02
17089.82
16320.66
15586.10
14884.61
14182.00
13481.48
12845.10
12210.62
11580.77
10983.42
9902.33
9902.33
8907.13
8907.13
8030.41
8030.41
7273.40
7273.40
6633.42
6633.42
6105.73
6105.73
5672.02
5672.02
5330.13
5330.13
5090.23
5090.23
4928.76
4928.76
4849.95
4849.95
4861.13
4861.13
4940.12
4940.12
5101.97
5101.97
5354.73
5354.73
5685.09
5685.09
6091.69
6091.69
6602.94
6602.94
7206.72
7206.72
7902.01
7902.01
8684.36
8684.36
9544.16
9544.16
10489.08
10489.08
11474.60
11474.60
13574.93
13574.93
13574.93
13574.93
15694.14
15694.14
15694.14
15694.14
17690.40
17690.40
17690.40
17690.40
19486.67
19486.67
19486.67
19486.67
21025.08
21025.08
21025.08
21025.08
22373.69
22373.69
22373.69
22373.69
23536.27
23536.27
23536.27
23536.27
24645.50
24645.50
24645.50
24645.50
25747.65
25747.65
25747.65
25747.65
26899.09
26899.09
26899.09
26899.09
28102.02
28102.02
28102.02
28102.02
29494.26
29494.26
29494.26
29494.26
31098.37
31098.37
31098.37
31098.37
32865.30
32865.30
32865.30
32865.30
34973.38
34973.38
34973.38
34973.38
37388.46
37388.46
37388.46
37388.46
40154.81
40154.81
40154.81
40154.81
43424.77
43424.77
43424.77
43424.77
47286.54
47286.54
47286.54
47286.54
51848.66
51848.66
51848.66
51848.66
57113.34
57113.34
57113.34
57113.34
63348.68
63348.68
63348.68
63348.68
70914.91
70914.91
70914.91
70914.91
79935.11
79935.11
79935.11
79935.11
103929.20
103929.20
103929.20
103929.20
103929.20
103929.20
103929.20
103929.20
140196.64
140196.64
140196.64
140196.64
140196.64
140196.64
140196.64
140196.64
195766.14
195766.14
195766.14
195766.14
195766.14
195766.14
195766.14
195766.14
284929.63
284929.63
284929.63
284929.63
284929.63
284929.63
284929.63
284929.63
433249.00
433249.00
433249.00
433249.00
433249.00
433249.00
433249.00
433249.00
688236.44
688236.44
688236.44
688236.44
688236.44
688236.44
688236.44
688236.44
1150105.38
1150105.38
1150105.38
1150105.38
1150105.38
1150105.38
1150105.38
1150105.38
2026457.63
2026457.63
2026457.63
2026457.63
2026457.63
2026457.63
2026457.63
2026457.63
3782140.25
3782140.25
3782140.25
3782140.25
3782140.25
3782140.25
3782140.25
3782140.25
7477175.00
7477175.00
7477175.00
7477175.00
7477175.00
7477175.00
7477175.00
7477175.00
15766581.00
15766581.00
15766581.00
15766581.00
15766581.00
15766581.00
15766581.00
15766581.00
35541636.00
35541636.00
35541636.00
35541636.00
35541636.00
35541636.00
35541636.00
35541636.00
86047336.00
86047336.00
86047336.00
86047336.00
86047336.00
86047336.00
86047336.00
86047336.00
224252560.00
224252560.00
224252560.00
224252560.00
224252560.00
224252560.00
224252560.00
224252560.00
632029568.00
632029568.00
632029568.00
632029568.00
632029568.00
632029568.00
632029568.00
632029568.00
1939713920.00
1939713920.00
1939713920.00
1939713920.00
1939713920.00
1939713920.00
1939713920.00
1939713920.00
6497371136.00
6497371136.00
6497371136.00
6497371136.00
6497371136.00
6497371136.00
6497371136.00
6497371136.00
23863681024.00
23863681024.00
23863681024.00
23863681024.00
96324681728.00
96324681728.00
96324681728.00
96324681728.00
96324681728.00
96324681728.00
96324681728.00
96324681728.00
96324681728.00
96324681728.00
96324681728.00
96324681728.00
96324681728.00
96324681728.00
96324681728.00
96324681728.00
96324681728.00
96324681728.00
96324681728.00
96324681728.00
96324681728.00
96324681728.00
96324681728.00
96324681728.00
96324681728.00
96324681728.00
96324681728.00
96324681728.00
96324681728.00
96324681728.00
96324681728.00
96324681728.00
96324681728.00
96324681728.00
96324681728.00
96324681728.00
96324681728.00
96324681728.00
96324681728.00
96324681728.00
96324681728.00
96324681728.00
96324681728.00
96324681728.00
96324681728.00
96324681728.00
96324681728.00
96324681728.00
96324681728.00
96324681728.00
96324681728.00
96324681728.00
96324681728.00
96324681728.00
96324681728.00
96324681728.00
96324681728.00
96324681728.00
96324681728.00
96324681728.00
96324681728.00
96324681728.00
96324681728.00
96324681728.00
96324681728.00
96324681728.00
96324681728.00
96324681728.00
96324681728.00
96324681728.00
96324681728.00
96324681728.00
96324681728.00
96324681728.00
96324681728.00
96324681728.00
96324681728.00
96324681728.00
96324681728.00
96324681728.00
96324681728.00
96324681728.00
96324681728.00
96324681728.00
96324681728.00
96324681728.00
96324681728.00
96324681728.00
96324681728.00
96324681728.00
96324681728.00
96324681728.00
96324681728.00
96324681728.00
96324681728.00
96324681728.00
60776765194240.00
60776765194240.00
60776765194240.00
60776765194240.00
60776765194240.00
60776765194240.00
60776765194240.00
60776765194240.00
60776765194240.00
60776765194240.00
60776765194240.00
60776765194240.00
60776765194240.00
60776765194240.00
60776765194240.00
60776765194240.00
60776765194240.00
60776765194240.00
60776765194240.00
60776765194240.00
60776765194240.00
60776765194240.00
60776765194240.00
60776765194240.00
60776765194240.00
60776765194240.00
60776765194240.00
60776765194240.00
60776765194240.00
60776765194240.00
60776765194240.00
60776765194240.00
60776765194240.00
60776765194240.00
60776765194240.00
60776765194240.00
60776765194240.00
60776765194240.00
60776765194240.00
60776765194240.00
60776765194240.00
60776765194240.00
60776765194240.00
60776765194240.00
60776765194240.00
60776765194240.00
60776765194240.00
60776765194240.00
60776765194240.00
60776765194240.00
60776765194240.00
60776765194240.00
60776765194240.00
60776765194240.00
60776765194240.00
60776765194240.00
60776765194240.00
60776765194240.00
60776765194240.00
60776765194240.00
60776765194240.00
60776765194240.00
60776765194240.00
60776765194240.00
60776765194240.00
60776765194240.00
60776765194240.00
60776765194240.00
60776765194240.00
60776765194240.00
60776765194240.00
60776765194240.00
60776765194240.00
60776765194240.00
60776765194240.00
60776765194240.00
60776765194240.00
60776765194240.00
60776765194240.00
60776765194240.00
60776765194240.00
60776765194240.00
60776765194240.00
60776765194240.00
60776765194240.00
[alloc_0]
27
0 0 0 4 0 0
0 1 3 5 1 0
0 2 7 3 3 2
0 3 15 4 3 4
0 4 31 5 3 5
0 5 63 6 3 6
0 6 127 7 3 7
0 7 255 8 3 8
0 8 511 9 3 9
0 9 1023 10 3 10
0 10 2047 11 3 11
0 11 4095 12 3 12
0 12 8191 13 3 13
0 13 16383 14 3 14
0 14 32767 15 3 15
0 15 65535 16 3 16
1 0 0 4 0 0
1 1 3 5 1 0
1 2 7 3 3 2
1 3 15 4 3 4
1 4 31 5 3 5
1 5 63 6 3 6
1 6 127 7 3 7
1 7 255 8 3 8
1 8 511 9 3 9
1 9 1023 10 3 10
1 10 2047 11 3 11
1 11 4095 12 3 12
1 12 8191 13 3 13
1 13 16383 14 3 14
1 14 32767 15 3 15
1 15 65535 16 3 16
2 0 0 4 0 0
2 1 3 5 1 0
2 2 7 3 3 2
2 3 15 4 3 4
2 4 31 5 3 5
2 5 63 6 3 6
2 6 127 7 3 7
2 7 255 8 3 8
2 8 511 9 3 9
2 9 1023 10 3 10
2 10 2047 11 3 11
2 11 4095 12 3 12
2 12 8191 13 3 13
2 13 16383 14 3 14
2 14 32767 15 3 15
2 15 65535 16 3 16
3 0 0 4 0 0
3 1 3 5 1 0
3 2 5 7 1 1
3 3 7 3 3 2
3 4 9 10 1 3
3 5 15 4 3 4
3 6 31 5 3 5
3 7 63 6 3 6
3 8 127 7 3 7 
3 9 255 8 3 8
3 10 511 9 3 9
3 11 1023 10 3 10
3 12 2047 11 3 11
3 13 4095 12 3 12
3 14 8191 13 3 13
3 15 65535 16 3 16
4 0 0 4 0 0
4 1 3 5 1 0
4 2 5 7 1 1
4 3 7 3 3 2
4 4 9 10 1 3
4 5 15 4 3 4
4 6 31 5 3 5
4 7 63 6 3 6
4 8 127 7 3 7 
4 9 255 8 3 8
4 10 511 9 3 9
4 11 1023 10 3 10
4 12 2047 11 3 11
4 13 4095 12 3 12
4 14 8191 13 3 13
4 15 65535 16 3 16
5 0 0 4 0 0
5 1 3 5 1 0
5 2 5 7 1 1
5 3 7 3 3 2
5 4 9 10 1 3
5 5 15 4 3 4
5 6 31 5 3 5
5 7 63 6 3 6
5 8 127 7 3 7 
5 9 255 8 3 8
5 10 511 9 3 9
5 11 1023 10 3 10
5 12 2047 11 3 11
5 13 4095 12 3 12
5 14 8191 13 3 13
5 15 65535 16 3 16
6 0 0 4 0 0
6 1 3 5 1 0
6 2 5 7 1 1
6 3 7 3 3 2
6 4 9 10 1 3
6 5 15 4 3 4
6 6 31 5 3 5
6 7 63 6 3 6
6 8 127 7 3 7 
6 9 255 8 3 8
6 10 511 9 3 9
6 11 1023 10 3 10
6 12 2047 11 3 11
6 13 4095 12 3 12
6 14 8191 13 3 13
6 15 65535 16 3 16
7 0 0 4 0 0
7 1 3 5 1 0
7 2 5 7 1 1
7 3 7 3 3 2
7 4 9 10 1 3
7 5 15 4 3 4
7 6 31 5 3 5
7 7 63 6 3 6
7 8 127 7 3 7 
7 9 255 8 3 8
7 10 511 9 3 9
7 11 1023 10 3 10
7 12 2047 11 3 11
7 13 4095 12 3 12
7 14 8191 13 3 13
7 15 65535 16 3 16
8 0 0 4 0 0
8 1 3 5 1 0
8 2 5 7 1 1
8 3 7 3 3 2
8 4 9 10 1 3
8 5 15 4 3 4
8 6 31 5 3 5
8 7 63 6 3 6
8 8 127 7 3 7 
8 9 255 8 3 8
8 10 511 9 3 9
8 11 1023 10 3 10
8 12 2047 11 3 11
8 13 4095 12 3 12
8 14 8191 13 3 13
8 15 65535 16 3 16
9 0 0 4 0 0
9 1 3 5 1 0
9 2 5 7 1 1
9 3 7 3 3 2
9 4 9 10 1 3
9 5 15 4 3 4
9 6 31 5 3 5
9 7 63 6 3 6
9 8 127 7 3 7 
9 9 255 8 3 8
9 10 511 9 3 9
9 11 1023 10 3 10
9 12 2047 11 3 11
9 13 4095 12 3 12
9 14 8191 13 3 13
9 15 65535 16 3 16
10 0 0 4 0 0
10 1 3 5 1 0
10 2 5 7 1 1
10 3 7 3 3 2
10 4 9 10 1 3
10 5 15 4 3 4
10 6 31 5 3 5
10 7 63 6 3 6
10 8 127 7 3 7 
10 9 255 8 3 8
10 10 511 9 3 9
10 11 1023 10 3 10
10 12 2047 11 3 11
10 13 4095 12 3 12
10 14 8191 13 3 13
10 15 65535 16 3 16
11 0 0 3 0 0
11 1 3 5 1 0
11 2 5 7 1 1
11 3 7 3 3 2
11 4 9 10 1 3
11 5 15 4 3 4
11 6 31 5 3 5
11 7 65535 16 3 16 
12 0 0 3 0 0
12 1 3 5 1 0
12 2 5 7 1 1
12 3 7 3 3 2
12 4 9 10 1 3
12 5 15 4 3 4
12 6 31 5 3 5
12 7 65535 16 3 16 
13 0 0 3 0 0
13 1 3 5 1 0
13 2 5 7 1 1
13 3 7 3 3 2
13 4 9 10 1 3
13 5 15 4 3 4
13 6 31 5 3 5
13 7 65535 16 3 16 
14 0 0 3 0 0
14 1 3 5 1 0
14 2 5 7 1 1
14 3 7 3 3 2
14 4 9 10 1 3
14 5 15 4 3 4
14 6 31 5 3 5
14 7 65535 16 3 16 
15 0 0 3 0 0
15 1 3 5 1 0
15 2 5 7 1 1
15 3 7 3 3 2
15 4 9 10 1 3
15 5 15 4 3 4
15 6 31 5 3 5
15 7 65535 16 3 16 
16 0 0 3 0 0
16 1 3 5 1 0
16 2 5 7 1 1
16 3 7 3 3 2
16 4 9 10 1 3
16 5 15 4 3 4
16 6 31 5 3 5
16 7 65535 16 3 16 
17 0 0 3 0 0
17 1 3 5 1 0
17 2 5 7 1 1
17 3 7 3 3 2
17 4 9 10 1 3
17 5 15 4 3 4
17 6 31 5 3 5
17 7 65535 16 3 16 
18 0 0 3 0 0
18 1 3 5 1 0
18 2 5 7 1 1
18 3 7 3 3 2
18 4 9 10 1 3
18 5 15 4 3 4
18 6 31 5 3 5
18 7 65535 16 3 16 
19 0 0 3 0 0
19 1 3 5 1 0
19 2 5 7 1 1
19 3 7 3 3 2
19 4 9 10 1 3
19 5 15 4 3 4
19 6 31 5 3 5
19 7 65535 16 3 16 
20 0 0 3 0 0
20 1 3 5 1 0
20 2 5 7 1 1
20 3 7 3 3 2
20 4 9 10 1 3
20 5 15 4 3 4
20 6 31 5 3 5
20 7 65535 16 3 16 
21 0 0 3 0 0
21 1 3 5 1 0
21 2 5 7 1 1
21 3 7 3 3 2
21 4 9 10 1 3
21 5 15 4 3 4
21 6 31 5 3 5
21 7 65535 16 3 16 
22 0 0 3 0 0
22 1 3 5 1 0
22 2 5 7 1 1
22 3 7 3 3 2
22 4 9 10 1 3
22 5 15 4 3 4
22 6 31 5 3 5
22 7 65535 16 3 16 
23 0 0 2 0 0
23 1 3 5 1 0
23 2 5 7 1 1
23 3 65535 16 3 16
24 0 0 2 0 0
24 1 3 5 1 0
24 2 5 7 1 1
24 3 65535 16 3 16
25 0 0 2 0 0
25 1 3 5 1 0
25 2 5 7 1 1
25 3 65535 16 3 16
26 0 0 2 0 0
26 1 3 5 1 0
26 2 5 7 1 1
26 3 65535 16 3 16
[alloc_1]
30
0 0 0 4 0 0
0 1 3 5 1 0
0 2 7 3 3 2
0 3 15 4 3 4
0 4 31 5 3 5
0 5 63 6 3 6
0 6 127 7 3 7
0 7 255 8 3 8
0 8 511 9 3 9
0 9 1023 10 3 10
0 10 2047 11 3 11
0 11 4095 12 3 12
0 12 8191 13 3 13
0 13 16383 14 3 14
0 14 32767 15 3 15
0 15 65535 16 3 16
1 0 0 4 0 0
1 1 3 5 1 0
1 2 7 3 3 2
1 3 15 4 3 4
1 4 31 5 3 5
1 5 63 6 3 6
1 6 127 7 3 7
1 7 255 8 3 8
1 8 511 9 3 9
1 9 1023 10 3 10
1 10 2047 11 3 11
1 11 4095 12 3 12
1 12 8191 13 3 13
1 13 16383 14 3 14
1 14 32767 15 3 15
1 15 65535 16 3 16
2 0 0 4 0 0
2 1 3 5 1 0
2 2 7 3 3 2
2 3 15 4 3 4
2 4 31 5 3 5
2 5 63 6 3 6
2 6 127 7 3 7
2 7 255 8 3 8
2 8 511 9 3 9
2 9 1023 10 3 10
2 10 2047 11 3 11
2 11 4095 12 3 12
2 12 8191 13 3 13
2 13 16383 14 3 14
2 14 32767 15 3 15
2 15 65535 16 3 16
3 0 0 4 0 0
3 1 3 5 1 0
3 2 5 7 1 1
3 3 7 3 3 2
3 4 9 10 1 3
3 5 15 4 3 4
3 6 31 5 3 5
3 7 63 6 3 6
3 8 127 7 3 7 
3 9 255 8 3 8
3 10 511 9 3 9
3 11 1023 10 3 10
3 12 2047 11 3 11
3 13 4095 12 3 12
3 14 8191 13 3 13
3 15 65535 16 3 16
4 0 0 4 0 0
4 1 3 5 1 0
4 2 5 7 1 1
4 3 7 3 3 2
4 4 9 10 1 3
4 5 15 4 3 4
4 6 31 5 3 5
4 7 63 6 3 6
4 8 127 7 3 7 
4 9 255 8 3 8
4 10 511 9 3 9
4 11 1023 10 3 10
4 12 2047 11 3 11
4 13 4095 12 3 12
4 14 8191 13 3 13
4 15 65535 16 3 16
5 0 0 4 0 0
5 1 3 5 1 0
5 2 5 7 1 1
5 3 7 3 3 2
5 4 9 10 1 3
5 5 15 4 3 4
5 6 31 5 3 5
5 7 63 6 3 6
5 8 127 7 3 7 
5 9 255 8 3 8
5 10 511 9 3 9
5 11 1023 10 3 10
5 12 2047 11 3 11
5 13 4095 12 3 12
5 14 8191 13 3 13
5 15 65535 16 3 16
6 0 0 4 0 0
6 1 3 5 1 0
6 2 5 7 1 1
6 3 7 3 3 2
6 4 9 10 1 3
6 5 15 4 3 4
6 6 31 5 3 5
6 7 63 6 3 6
6 8 127 7 3 7 
6 9 255 8 3 8
6 10 511 9 3 9
6 11 1023 10 3 10
6 12 2047 11 3 11
6 13 4095 12 3 12
6 14 8191 13 3 13
6 15 65535 16 3 16
7 0 0 4 0 0
7 1 3 5 1 0
7 2 5 7 1 1
7 3 7 3 3 2
7 4 9 10 1 3
7 5 15 4 3 4
7 6 31 5 3 5
7 7 63 6 3 6
7 8 127 7 3 7 
7 9 255 8 3 8
7 10 511 9 3 9
7 11 1023 10 3 10
7 12 2047 11 3 11
7 13 4095 12 3 12
7 14 8191 13 3 13
7 15 65535 16 3 16
8 0 0 4 0 0
8 1 3 5 1 0
8 2 5 7 1 1
8 3 7 3 3 2
8 4 9 10 1 3
8 5 15 4 3 4
8 6 31 5 3 5
8 7 63 6 3 6
8 8 127 7 3 7 
8 9 255 8 3 8
8 10 511 9 3 9
8 11 1023 10 3 10
8 12 2047 11 3 11
8 13 4095 12 3 12
8 14 8191 13 3 13
8 15 65535 16 3 16
9 0 0 4 0 0
9 1 3 5 1 0
9 2 5 7 1 1
9 3 7 3 3 2
9 4 9 10 1 3
9 5 15 4 3 4
9 6 31 5 3 5
9 7 63 6 3 6
9 8 127 7 3 7 
9 9 255 8 3 8
9 10 511 9 3 9
9 11 1023 10 3 10
9 12 2047 11 3 11
9 13 4095 12 3 12
9 14 8191 13 3 13
9 15 65535 16 3 16
10 0 0 4 0 0
10 1 3 5 1 0
10 2 5 7 1 1
10 3 7 3 3 2
10 4 9 10 1 3
10 5 15 4 3 4
10 6 31 5 3 5
10 7 63 6 3 6
10 8 127 7 3 7 
10 9 255 8 3 8
10 10 511 9 3 9
10 11 1023 10 3 10
10 12 2047 11 3 11
10 13 4095 12 3 12
10 14 8191 13 3 13
10 15 65535 16 3 16
11 0 0 3 0 0
11 1 3 5 1 0
11 2 5 7 1 1
11 3 7 3 3 2
11 4 9 10 1 3
11 5 15 4 3 4
11 6 31 5 3 5
11 7 65535 16 3 16 
12 0 0 3 0 0
12 1 3 5 1 0
12 2 5 7 1 1
12 3 7 3 3 2
12 4 9 10 1 3
12 5 15 4 3 4
12 6 31 5 3 5
12 7 65535 16 3 16 
13 0 0 3 0 0
13 1 3 5 1 0
13 2 5 7 1 1
13 3 7 3 3 2
13 4 9 10 1 3
13 5 15 4 3 4
13 6 31 5 3 5
13 7 65535 16 3 16 
14 0 0 3 0 0
14 1 3 5 1 0
14 2 5 7 1 1
14 3 7 3 3 2
14 4 9 10 1 3
14 5 15 4 3 4
14 6 31 5 3 5
14 7 65535 16 3 16 
15 0 0 3 0 0
15 1 3 5 1 0
15 2 5 7 1 1
15 3 7 3 3 2
15 4 9 10 1 3
15 5 15 4 3 4
15 6 31 5 3 5
15 7 65535 16 3 16 
16 0 0 3 0 0
16 1 3 5 1 0
16 2 5 7 1 1
16 3 7 3 3 2
16 4 9 10 1 3
16 5 15 4 3 4
16 6 31 5 3 5
16 7 65535 16 3 16 
17 0 0 3 0 0
17 1 3 5 1 0
17 2 5 7 1 1
17 3 7 3 3 2
17 4 9 10 1 3
17 5 15 4 3 4
17 6 31 5 3 5
17 7 65535 16 3 16 
18 0 0 3 0 0
18 1 3 5 1 0
18 2 5 7 1 1
18 3 7 3 3 2
18 4 9 10 1 3
18 5 15 4 3 4
18 6 31 5 3 5
18 7 65535 16 3 16 
19 0 0 3 0 0
19 1 3 5 1 0
19 2 5 7 1 1
19 3 7 3 3 2
19 4 9 10 1 3
19 5 15 4 3 4
19 6 31 5 3 5
19 7 65535 16 3 16 
20 0 0 3 0 0
20 1 3 5 1 0
20 2 5 7 1 1
20 3 7 3 3 2
20 4 9 10 1 3
20 5 15 4 3 4
20 6 31 5 3 5
20 7 65535 16 3 16 
21 0 0 3 0 0
21 1 3 5 1 0
21 2 5 7 1 1
21 3 7 3 3 2
21 4 9 10 1 3
21 5 15 4 3 4
21 6 31 5 3 5
21 7 65535 16 3 16 
22 0 0 3 0 0
22 1 3 5 1 0
22 2 5 7 1 1
22 3 7 3 3 2
22 4 9 10 1 3
22 5 15 4 3 4
22 6 31 5 3 5
22 7 65535 16 3 16 
23 0 0 2 0 0
23 1 3 5 1 0
23 2 5 7 1 1
23 3 65535 16 3 16
24 0 0 2 0 0
24 1 3 5 1 0
24 2 5 7 1 1
24 3 65535 16 3 16
25 0 0 2 0 0
25 1 3 5 1 0
25 2 5 7 1 1
25 3 65535 16 3 16
26 0 0 2 0 0
26 1 3 5 1 0
26 2 5 7 1 1
26 3 65535 16 3 16
27 0 0 2 0 0
27 1 3 5 1 0
27 2 5 7 1 1
27 3 65535 16 3 16
28 0 0 2 0 0
28 1 3 5 1 0
28 2 5 7 1 1
28 3 65535 16 3 16
29 0 0 2 0 0
29 1 3 5 1 0
29 2 5 7 1 1
29 3 65535 16 3 16
[alloc_2]
8
0 0 0 4 0 0
0 1 3 5 1 0
0 2 5 7 1 1
0 3 9 10 1 3
0 4 15 4 3 4
0 5 31 5 3 5
0 6 63 6 3 6
0 7 127 7 3 7
0 8 255 8 3 8
0 9 511 9 3 9
0 10 1023 10 3 10
0 11 2047 11 3 11
0 12 4095 12 3 12
0 13 8191 13 3 13
0 14 16383 14 3 14
0 15 32767 15 3 15
1 0 0 4 0 0
1 1 3 5 1 0
1 2 5 7 1 1
1 3 9 10 1 3
1 4 15 4 3 4
1 5 31 5 3 5
1 6 63 6 3 6
1 7 127 7 3 7
1 8 255 8 3 8
1 9 511 9 3 9
1 10 1023 10 3 10
1 11 2047 11 3 11
1 12 4095 12 3 12
1 13 8191 13 3 13
1 14 16383 14 3 14
1 15 32767 15 3 15
2 0 0 3 0 0
2 1 3 5 1 0
2 2 5 7 1 1
2 3 9 10 1 3
2 4 15 4 3 4
2 5 31 5 3 5
2 6 63 6 3 6
2 7 127 7 3 7
3 0 0 3 0 0
3 1 3 5 1 0
3 2 5 7 1 1
3 3 9 10 1 3
3 4 15 4 3 4
3 5 31 5 3 5
3 6 63 6 3 6
3 7 127 7 3 7
4 0 0 3 0 0
4 1 3 5 1 0
4 2 5 7 1 1
4 3 9 10 1 3
4 4 15 4 3 4
4 5 31 5 3 5
4 6 63 6 3 6
4 7 127 7 3 7
5 0 0 3 0 0
5 1 3 5 1 0
5 2 5 7 1 1
5 3 9 10 1 3
5 4 15 4 3 4
5 5 31 5 3 5
5 6 63 6 3 6
5 7 127 7 3 7
6 0 0 3 0 0
6 1 3 5 1 0
6 2 5 7 1 1
6 3 9 10 1 3
6 4 15 4 3 4
6 5 31 5 3 5
6 6 63 6 3 6
6 7 127 7 3 7
7 0 0 3 0 0
7 1 3 5 1 0
7 2 5 7 1 1
7 3 9 10 1 3
7 4 15 4 3 4
7 5 31 5 3 5
7 6 63 6 3 6
7 7 127 7 3 7
[alloc_3]
12
0 0 0 4 0 0
0 1 3 5 1 0
0 2 5 7 1 1
0 3 9 10 1 3
0 4 15 4 3 4
0 5 31 5 3 5
0 6 63 6 3 6
0 7 127 7 3 7
0 8 255 8 3 8
0 9 511 9 3 9
0 10 1023 10 3 10
0 11 2047 11 3 11
0 12 4095 12 3 12
0 13 8191 13 3 13
0 14 16383 14 3 14
0 15 32767 15 3 15
1 0 0 4 0 0
1 1 3 5 1 0
1 2 5 7 1 1
1 3 9 10 1 3
1 4 15 4 3 4
1 5 31 5 3 5
1 6 63 6 3 6
1 7 127 7 3 7
1 8 255 8 3 8
1 9 511 9 3 9
1 10 1023 10 3 10
1 11 2047 11 3 11
1 12 4095 12 3 12
1 13 8191 13 3 13
1 14 16383 14 3 14
1 15 32767 15 3 15
2 0 0 3 0 0
2 1 3 5 1 0
2 2 5 7 1 1
2 3 9 10 1 3
2 4 15 4 3 4
2 5 31 5 3 5
2 6 63 6 3 6
2 7 127 7 3 7
3 0 0 3 0 0
3 1 3 5 1 0
3 2 5 7 1 1
3 3 9 10 1 3
3 4 15 4 3 4
3 5 31 5 3 5
3 6 63 6 3 6
3 7 127 7 3 7
4 0 0 3 0 0
4 1 3 5 1 0
4 2 5 7 1 1
4 3 9 10 1 3
4 4 15 4 3 4
4 5 31 5 3 5
4 6 63 6 3 6
4 7 127 7 3 7
5 0 0 3 0 0
5 1 3 5 1 0
5 2 5 7 1 1
5 3 9 10 1 3
5 4 15 4 3 4
5 5 31 5 3 5
5 6 63 6 3 6
5 7 127 7 3 7
6 0 0 3 0 0
6 1 3 5 1 0
6 2 5 7 1 1
6 3 9 10 1 3
6 4 15 4 3 4
6 5 31 5 3 5
6 6 63 6 3 6
6 7 127 7 3 7
7 0 0 3 0 0
7 1 3 5 1 0
7 2 5 7 1 1
7 3 9 10 1 3
7 4 15 4 3 4
7 5 31 5 3 5
7 6 63 6 3 6
7 7 127 7 3 7
8 0 0 3 0 0
8 1 3 5 1 0
8 2 5 7 1 1
8 3 9 10 1 3
8 4 15 4 3 4
8 5 31 5 3 5
8 6 63 6 3 6
8 7 127 7 3 7
9 0 0 3 0 0
9 1 3 5 1 0
9 2 5 7 1 1
9 3 9 10 1 3
9 4 15 4 3 4
9 5 31 5 3 5
9 6 63 6 3 6
9 7 127 7 3 7
10 0 0 3 0 0
10 1 3 5 1 0
10 2 5 7 1 1
10 3 9 10 1 3
10 4 15 4 3 4
10 5 31 5 3 5
10 6 63 6 3 6
10 7 127 7 3 7
11 0 0 3 0 0
11 1 3 5 1 0
11 2 5 7 1 1
11 3 9 10 1 3
11 4 15 4 3 4
11 5 31 5 3 5
11 6 63 6 3 6
11 7 127 7 3 7
[enwindow]
C[  0]= 0.000000000 C[  1]=-0.000000477 C[  2]=-0.000000477 C[  3]=-0.000000477 
 
C[  4]=-0.000000477 C[  5]=-0.000000477 C[  6]=-0.000000477 C[  7]=-0.000000954 
 
C[  8]=-0.000000954 C[  9]=-0.000000954 C[ 10]=-0.000000954 C[ 11]=-0.000001431 
 
C[ 12]=-0.000001431 C[ 13]=-0.000001907 C[ 14]=-0.000001907 C[ 15]=-0.000002384 
 
C[ 16]=-0.000002384 C[ 17]=-0.000002861 C[ 18]=-0.000003338 C[ 19]=-0.000003338 
 
C[ 20]=-0.000003815 C[ 21]=-0.000004292 C[ 22]=-0.000004768 C[ 23]=-0.000005245 
 
C[ 24]=-0.000006199 C[ 25]=-0.000006676 C[ 26]=-0.000007629 C[ 27]=-0.000008106 
 
C[ 28]=-0.000009060 C[ 29]=-0.000010014 C[ 30]=-0.000011444 C[ 31]=-0.000012398 
 
C[ 32]=-0.000013828 C[ 33]=-0.000014782 C[ 34]=-0.000016689 C[ 35]=-0.000018120 
 
C[ 36]=-0.000019550 C[ 37]=-0.000021458 C[ 38]=-0.000023365 C[ 39]=-0.000025272 
 
C[ 40]=-0.000027657 C[ 41]=-0.000030041 C[ 42]=-0.000032425 C[ 43]=-0.000034809 
 
C[ 44]=-0.000037670 C[ 45]=-0.000040531 C[ 46]=-0.000043392 C[ 47]=-0.000046253 
 
C[ 48]=-0.000049591 C[ 49]=-0.000052929 C[ 50]=-0.000055790 C[ 51]=-0.000059605 
 
C[ 52]=-0.000062943 C[ 53]=-0.000066280 C[ 54]=-0.000070095 C[ 55]=-0.000073433 
 
C[ 56]=-0.000076771 C[ 57]=-0.000080585 C[ 58]=-0.000083923 C[ 59]=-0.000087261 
 
C[ 60]=-0.000090599 C[ 61]=-0.000093460 C[ 62]=-0.000096321 C[ 63]=-0.000099182 
 
C[ 64]= 0.000101566 C[ 65]= 0.000103951 C[ 66]= 0.000105858 C[ 67]= 0.000107288 
 
C[ 68]= 0.000108242 C[ 69]= 0.000108719 C[ 70]= 0.000108719 C[ 71]= 0.000108242 
 
C[ 72]= 0.000106812 C[ 73]= 0.000105381 C[ 74]= 0.000102520 C[ 75]= 0.000099182 
 
C[ 76]= 0.000095367 C[ 77]= 0.000090122 C[ 78]= 0.000084400 C[ 79]= 0.000077724 
 
C[ 80]= 0.000069618 C[ 81]= 0.000060558 C[ 82]= 0.000050545 C[ 83]= 0.000039577 
 
C[ 84]= 0.000027180 C[ 85]= 0.000013828 C[ 86]=-0.000000954 C[ 87]=-0.000017166 
 
C[ 88]=-0.000034332 C[ 89]=-0.000052929 C[ 90]=-0.000072956 C[ 91]=-0.000093937 
 
C[ 92]=-0.000116348 C[ 93]=-0.000140190 C[ 94]=-0.000165462 C[ 95]=-0.000191212 
 
C[ 96]=-0.000218868 C[ 97]=-0.000247478 C[ 98]=-0.000277042 C[ 99]=-0.000307560 
 
C[100]=-0.000339031 C[101]=-0.000371456 C[102]=-0.000404358 C[103]=-0.000438213 
 
C[104]=-0.000472546 C[105]=-0.000507355 C[106]=-0.000542164 C[107]=-0.000576973 
 
C[108]=-0.000611782 C[109]=-0.000646591 C[110]=-0.000680923 C[111]=-0.000714302 
 
C[112]=-0.000747204 C[113]=-0.000779152 C[114]=-0.000809669 C[115]=-0.000838757 
 
C[116]=-0.000866413 C[117]=-0.000891685 C[118]=-0.000915051 C[119]=-0.000935555 
 
C[120]=-0.000954151 C[121]=-0.000968933 C[122]=-0.000980854 C[123]=-0.000989437 
 
C[124]=-0.000994205 C[125]=-0.000995159 C[126]=-0.000991821 C[127]=-0.000983715 
 
C[128]= 0.000971317 C[129]= 0.000953674 C[130]= 0.000930786 C[131]= 0.000902653 
 
C[132]= 0.000868797 C[133]= 0.000829220 C[134]= 0.000783920 C[135]= 0.000731945 
 
C[136]= 0.000674248 C[137]= 0.000610352 C[138]= 0.000539303 C[139]= 0.000462532 
 
C[140]= 0.000378609 C[141]= 0.000288486 C[142]= 0.000191689 C[143]= 0.000088215 
 
C[144]=-0.000021458 C[145]=-0.000137329 C[146]=-0.000259876 C[147]=-0.000388145 
 
C[148]=-0.000522137 C[149]=-0.000661850 C[150]=-0.000806808 C[151]=-0.000956535 
 
C[152]=-0.001111031 C[153]=-0.001269817 C[154]=-0.001432419 C[155]=-0.001597881 
 
C[156]=-0.001766682 C[157]=-0.001937389 C[158]=-0.002110004 C[159]=-0.002283096 
 
C[160]=-0.002457142 C[161]=-0.002630711 C[162]=-0.002803326 C[163]=-0.002974033 
 
C[164]=-0.003141880 C[165]=-0.003306866 C[166]=-0.003467083 C[167]=-0.003622532 
 
C[168]=-0.003771782 C[169]=-0.003914356 C[170]=-0.004048824 C[171]=-0.004174709 
 
C[172]=-0.004290581 C[173]=-0.004395962 C[174]=-0.004489899 C[175]=-0.004570484 
 
C[176]=-0.004638195 C[177]=-0.004691124 C[178]=-0.004728317 C[179]=-0.004748821 
 
C[180]=-0.004752159 C[181]=-0.004737377 C[182]=-0.004703045 C[183]=-0.004649162 
 
C[184]=-0.004573822 C[185]=-0.004477024 C[186]=-0.004357815 C[187]=-0.004215240 
 
C[188]=-0.004049301 C[189]=-0.003858566 C[190]=-0.003643036 C[191]=-0.003401756 
 
C[192]= 0.003134727 C[193]= 0.002841473 C[194]= 0.002521515 C[195]= 0.002174854 
 
C[196]= 0.001800537 C[197]= 0.001399517 C[198]= 0.000971317 C[199]= 0.000515938 
 
C[200]= 0.000033379 C[201]=-0.000475883 C[202]=-0.001011848 C[203]=-0.001573563 
 
C[204]=-0.002161503 C[205]=-0.002774239 C[206]=-0.003411293 C[207]=-0.004072189 
 
C[208]=-0.004756451 C[209]=-0.005462170 C[210]=-0.006189346 C[211]=-0.006937027 
 
C[212]=-0.007703304 C[213]=-0.008487225 C[214]=-0.009287834 C[215]=-0.010103703 
 
C[216]=-0.010933399 C[217]=-0.011775017 C[218]=-0.012627602 C[219]=-0.013489246 
 
C[220]=-0.014358521 C[221]=-0.015233517 C[222]=-0.016112804 C[223]=-0.016994476 
 
C[224]=-0.017876148 C[225]=-0.018756866 C[226]=-0.019634247 C[227]=-0.020506859 
 
C[228]=-0.021372318 C[229]=-0.022228718 C[230]=-0.023074150 C[231]=-0.023907185 
 
C[232]=-0.024725437 C[233]=-0.025527000 C[234]=-0.026310921 C[235]=-0.027073860 
 
C[236]=-0.027815342 C[237]=-0.028532982 C[238]=-0.029224873 C[239]=-0.029890060 
 
C[240]=-0.030526638 C[241]=-0.031132698 C[242]=-0.031706810 C[243]=-0.032248020 
 
C[244]=-0.032754898 C[245]=-0.033225536 C[246]=-0.033659935 C[247]=-0.034055710 
 
C[248]=-0.034412861 C[249]=-0.034730434 C[250]=-0.035007000 C[251]=-0.035242081 
 
C[252]=-0.035435200 C[253]=-0.035586357 C[254]=-0.035694122 C[255]=-0.035758972 
 
C[256]= 0.035780907 C[257]= 0.035758972 C[258]= 0.035694122 C[259]= 0.035586357 
 
C[260]= 0.035435200 C[261]= 0.035242081 C[262]= 0.035007000 C[263]= 0.034730434 
 
C[264]= 0.034412861 C[265]= 0.034055710 C[266]= 0.033659935 C[267]= 0.033225536 
 
C[268]= 0.032754898 C[269]= 0.032248020 C[270]= 0.031706810 C[271]= 0.031132698 
 
C[272]= 0.030526638 C[273]= 0.029890060 C[274]= 0.029224873 C[275]= 0.028532982 
 
C[276]= 0.027815342 C[277]= 0.027073860 C[278]= 0.026310921 C[279]= 0.025527000 
 
C[280]= 0.024725437 C[281]= 0.023907185 C[282]= 0.023074150 C[283]= 0.022228718 
 
C[284]= 0.021372318 C[285]= 0.020506859 C[286]= 0.019634247 C[287]= 0.018756866 
 
C[288]= 0.017876148 C[289]= 0.016994476 C[290]= 0.016112804 C[291]= 0.015233517 
 
C[292]= 0.014358521 C[293]= 0.013489246 C[294]= 0.012627602 C[295]= 0.011775017 
 
C[296]= 0.010933399 C[297]= 0.010103703 C[298]= 0.009287834 C[299]= 0.008487225 
 
C[300]= 0.007703304 C[301]= 0.006937027 C[302]= 0.006189346 C[303]= 0.005462170 
 
C[304]= 0.004756451 C[305]= 0.004072189 C[306]= 0.003411293 C[307]= 0.002774239 
 
C[308]= 0.002161503 C[309]= 0.001573563 C[310]= 0.001011848 C[311]= 0.000475883 
 
C[312]=-0.000033379 C[313]=-0.000515938 C[314]=-0.000971317 C[315]=-0.001399517 
 
C[316]=-0.001800537 C[317]=-0.002174854 C[318]=-0.002521515 C[319]=-0.002841473 
 
C[320]= 0.003134727 C[321]= 0.003401756 C[322]= 0.003643036 C[323]= 0.003858566 
 
C[324]= 0.004049301 C[325]= 0.004215240 C[326]= 0.004357815 C[327]= 0.004477024 
 
C[328]= 0.004573822 C[329]= 0.004649162 C[330]= 0.004703045 C[331]= 0.004737377 
 
C[332]= 0.004752159 C[333]= 0.004748821 C[334]= 0.004728317 C[335]= 0.004691124 
 
C[336]= 0.004638195 C[337]= 0.004570484 C[338]= 0.004489899 C[339]= 0.004395962 
 
C[340]= 0.004290581 C[341]= 0.004174709 C[342]= 0.004048824 C[343]= 0.003914356 
 
C[344]= 0.003771782 C[345]= 0.003622532 C[346]= 0.003467083 C[347]= 0.003306866 
 
C[348]= 0.003141880 C[349]= 0.002974033 C[350]= 0.002803326 C[351]= 0.002630711 
 
C[352]= 0.002457142 C[353]= 0.002283096 C[354]= 0.002110004 C[355]= 0.001937389 
 
C[356]= 0.001766682 C[357]= 0.001597881 C[358]= 0.001432419 C[359]= 0.001269817 
 
C[360]= 0.001111031 C[361]= 0.000956535 C[362]= 0.000806808 C[363]= 0.000661850 
 
C[364]= 0.000522137 C[365]= 0.000388145 C[366]= 0.000259876 C[367]= 0.000137329 
 
C[368]= 0.000021458 C[369]=-0.000088215 C[370]=-0.000191689 C[371]=-0.000288486 
 
C[372]=-0.000378609 C[373]=-0.000462532 C[374]=-0.000539303 C[375]=-0.000610352 
 
C[376]=-0.000674248 C[377]=-0.000731945 C[378]=-0.000783920 C[379]=-0.000829220 
 
C[380]=-0.000868797 C[381]=-0.000902653 C[382]=-0.000930786 C[383]=-0.000953674 
 
C[384]= 0.000971317 C[385]= 0.000983715 C[386]= 0.000991821 C[387]= 0.000995159 
 
C[388]= 0.000994205 C[389]= 0.000989437 C[390]= 0.000980854 C[391]= 0.000968933 
 
C[392]= 0.000954151 C[393]= 0.000935555 C[394]= 0.000915051 C[395]= 0.000891685 
 
C[396]= 0.000866413 C[397]= 0.000838757 C[398]= 0.000809669 C[399]= 0.000779152 
 
C[400]= 0.000747204 C[401]= 0.000714302 C[402]= 0.000680923 C[403]= 0.000646591 
 
C[404]= 0.000611782 C[405]= 0.000576973 C[406]= 0.000542164 C[407]= 0.000507355 
 
C[408]= 0.000472546 C[409]= 0.000438213 C[410]= 0.000404358 C[411]= 0.000371456 
 
C[412]= 0.000339031 C[413]= 0.000307560 C[414]= 0.000277042 C[415]= 0.000247478 
 
C[416]= 0.000218868 C[417]= 0.000191212 C[418]= 0.000165462 C[419]= 0.000140190 
 
C[420]= 0.000116348 C[421]= 0.000093937 C[422]= 0.000072956 C[423]= 0.000052929 
 
C[424]= 0.000034332 C[425]= 0.000017166 C[426]= 0.000000954 C[427]=-0.000013828 
 
C[428]=-0.000027180 C[429]=-0.000039577 C[430]=-0.000050545 C[431]=-0.000060558 
 
C[432]=-0.000069618 C[433]=-0.000077724 C[434]=-0.000084400 C[435]=-0.000090122 
 
C[436]=-0.000095367 C[437]=-0.000099182 C[438]=-0.000102520 C[439]=-0.000105381 
 
C[440]=-0.000106812 C[441]=-0.000108242 C[442]=-0.000108719 C[443]=-0.000108719 
 
C[444]=-0.000108242 C[445]=-0.000107288 C[446]=-0.000105858 C[447]=-0.000103951 
 
C[448]= 0.000101566 C[449]= 0.000099182 C[450]= 0.000096321 C[451]= 0.000093460 
 
C[452]= 0.000090599 C[453]= 0.000087261 C[454]= 0.000083923 C[455]= 0.000080585 
 
C[456]= 0.000076771 C[457]= 0.000073433 C[458]= 0.000070095 C[459]= 0.000066280 
 
C[460]= 0.000062943 C[461]= 0.000059605 C[462]= 0.000055790 C[463]= 0.000052929 
 
C[464]= 0.000049591 C[465]= 0.000046253 C[466]= 0.000043392 C[467]= 0.000040531 
 
C[468]= 0.000037670 C[469]= 0.000034809 C[470]= 0.000032425 C[471]= 0.000030041 
 
C[472]= 0.000027657 C[473]= 0.000025272 C[474]= 0.000023365 C[475]= 0.000021458 
 
C[476]= 0.000019550 C[477]= 0.000018120 C[478]= 0.000016689 C[479]= 0.000014782 
 
C[480]= 0.000013828 C[481]= 0.000012398 C[482]= 0.000011444 C[483]= 0.000010014 
 
C[484]= 0.000009060 C[485]= 0.000008106 C[486]= 0.000007629 C[487]= 0.000006676 
 
C[488]= 0.000006199 C[489]= 0.000005245 C[490]= 0.000004768 C[491]= 0.000004292 
 
C[492]= 0.000003815 C[493]= 0.000003338 C[494]= 0.000003338 C[495]= 0.000002861 
 
C[496]= 0.000002384 C[497]= 0.000002384 C[498]= 0.000001907 C[499]= 0.000001907 
 
C[500]= 0.000001431 C[501]= 0.000001431 C[502]= 0.000000954 C[503]= 0.000000954 
 
C[504]= 0.000000954 C[505]= 0.000000954 C[506]= 0.000000477 C[507]= 0.000000477 
 
C[508]= 0.000000477 C[509]= 0.000000477 C[510]= 0.000000477 C[511]= 0.000000477

[dewindow]
D[  0]= 0.000000000 D[  1]=-0.000015259 D[  2]=-0.000015259 D[  3]=-0.000015259 
 
D[  4]=-0.000015259 D[  5]=-0.000015259 D[  6]=-0.000015259 D[  7]=-0.000030518 
 
D[  8]=-0.000030518 D[  9]=-0.000030518 D[ 10]=-0.000030518 D[ 11]=-0.000045776 
 
D[ 12]=-0.000045776 D[ 13]=-0.000061035 D[ 14]=-0.000061035 D[ 15]=-0.000076294 
 
D[ 16]=-0.000076294 D[ 17]=-0.000091553 D[ 18]=-0.000106812 D[ 19]=-0.000106812 
 
D[ 20]=-0.000122070 D[ 21]=-0.000137329 D[ 22]=-0.000152588 D[ 23]=-0.000167847 
 
D[ 24]=-0.000198364 D[ 25]=-0.000213623 D[ 26]=-0.000244141 D[ 27]=-0.000259399 
 
D[ 28]=-0.000289917 D[ 29]=-0.000320435 D[ 30]=-0.000366211 D[ 31]=-0.000396729 
 
D[ 32]=-0.000442505 D[ 33]=-0.000473022 D[ 34]=-0.000534058 D[ 35]=-0.000579834 
 
D[ 36]=-0.000625610 D[ 37]=-0.000686646 D[ 38]=-0.000747681 D[ 39]=-0.000808716 
 
D[ 40]=-0.000885010 D[ 41]=-0.000961304 D[ 42]=-0.001037598 D[ 43]=-0.001113892 
 
D[ 44]=-0.001205444 D[ 45]=-0.001296997 D[ 46]=-0.001388550 D[ 47]=-0.001480103 
 
D[ 48]=-0.001586914 D[ 49]=-0.001693726 D[ 50]=-0.001785278 D[ 51]=-0.001907349 
 
D[ 52]=-0.002014160 D[ 53]=-0.002120972 D[ 54]=-0.002243042 D[ 55]=-0.002349854 
 
D[ 56]=-0.002456665 D[ 57]=-0.002578735 D[ 58]=-0.002685547 D[ 59]=-0.002792358 
 
D[ 60]=-0.002899170 D[ 61]=-0.002990723 D[ 62]=-0.003082275 D[ 63]=-0.003173828 
 
D[ 64]= 0.003250122 D[ 65]= 0.003326416 D[ 66]= 0.003387451 D[ 67]= 0.003433228 
 
D[ 68]= 0.003463745 D[ 69]= 0.003479004 D[ 70]= 0.003479004 D[ 71]= 0.003463745 
 
D[ 72]= 0.003417969 D[ 73]= 0.003372192 D[ 74]= 0.003280640 D[ 75]= 0.003173828 
 
D[ 76]= 0.003051758 D[ 77]= 0.002883911 D[ 78]= 0.002700806 D[ 79]= 0.002487183 
 
D[ 80]= 0.002227783 D[ 81]= 0.001937866 D[ 82]= 0.001617432 D[ 83]= 0.001266479 
 
D[ 84]= 0.000869751 D[ 85]= 0.000442505 D[ 86]=-0.000030518 D[ 87]=-0.000549316 
 
D[ 88]=-0.001098633 D[ 89]=-0.001693726 D[ 90]=-0.002334595 D[ 91]=-0.003005981 
 
D[ 92]=-0.003723145 D[ 93]=-0.004486084 D[ 94]=-0.005294800 D[ 95]=-0.006118774 
 
D[ 96]=-0.007003784 D[ 97]=-0.007919312 D[ 98]=-0.008865356 D[ 99]=-0.009841919 
 
D[100]=-0.010848999 D[101]=-0.011886597 D[102]=-0.012939453 D[103]=-0.014022827 
 
D[104]=-0.015121460 D[105]=-0.016235352 D[106]=-0.017349243 D[107]=-0.018463135 
 
D[108]=-0.019577026 D[109]=-0.020690918 D[110]=-0.021789551 D[111]=-0.022857666 
 
D[112]=-0.023910522 D[113]=-0.024932861 D[114]=-0.025909424 D[115]=-0.026840210 
 
D[116]=-0.027725220 D[117]=-0.028533936 D[118]=-0.029281616 D[119]=-0.029937744 
 
D[120]=-0.030532837 D[121]=-0.031005859 D[122]=-0.031387329 D[123]=-0.031661987 
 
D[124]=-0.031814575 D[125]=-0.031845093 D[126]=-0.031738281 D[127]=-0.031478882 
 
D[128]= 0.031082153 D[129]= 0.030517578 D[130]= 0.029785156 D[131]= 0.028884888 
 
D[132]= 0.027801514 D[133]= 0.026535034 D[134]= 0.025085449 D[135]= 0.023422241 
 
D[136]= 0.021575928 D[137]= 0.019531250 D[138]= 0.017257690 D[139]= 0.014801025 
 
D[140]= 0.012115479 D[141]= 0.009231567 D[142]= 0.006134033 D[143]= 0.002822876 
 
D[144]=-0.000686646 D[145]=-0.004394531 D[146]=-0.008316040 D[147]=-0.012420654 
 
D[148]=-0.016708374 D[149]=-0.021179199 D[150]=-0.025817871 D[151]=-0.030609131 
 
D[152]=-0.035552979 D[153]=-0.040634155 D[154]=-0.045837402 D[155]=-0.051132202 
 
D[156]=-0.056533813 D[157]=-0.061996460 D[158]=-0.067520142 D[159]=-0.073059082 
 
D[160]=-0.078628540 D[161]=-0.084182739 D[162]=-0.089706421 D[163]=-0.095169067 
 
D[164]=-0.100540161 D[165]=-0.105819702 D[166]=-0.110946655 D[167]=-0.115921021 
 
D[168]=-0.120697021 D[169]=-0.125259399 D[170]=-0.129562378 D[171]=-0.133590698 
 
D[172]=-0.137298584 D[173]=-0.140670776 D[174]=-0.143676758 D[175]=-0.146255493 
 
D[176]=-0.148422241 D[177]=-0.150115967 D[178]=-0.151306152 D[179]=-0.151962280 
 
D[180]=-0.152069092 D[181]=-0.151596069 D[182]=-0.150497437 D[183]=-0.148773193 
 
D[184]=-0.146362305 D[185]=-0.143264771 D[186]=-0.139450073 D[187]=-0.134887695 
 
D[188]=-0.129577637 D[189]=-0.123474121 D[190]=-0.116577148 D[191]=-0.108856201 
 
D[192]= 0.100311279 D[193]= 0.090927124 D[194]= 0.080688477 D[195]= 0.069595337 
 
D[196]= 0.057617187 D[197]= 0.044784546 D[198]= 0.031082153 D[199]= 0.016510010 
 
D[200]= 0.001068115 D[201]=-0.015228271 D[202]=-0.032379150 D[203]=-0.050354004 
 
D[204]=-0.069168091 D[205]=-0.088775635 D[206]=-0.109161377 D[207]=-0.130310059 
 
D[208]=-0.152206421 D[209]=-0.174789429 D[210]=-0.198059082 D[211]=-0.221984863 
 
D[212]=-0.246505737 D[213]=-0.271591187 D[214]=-0.297210693 D[215]=-0.323318481 
 
D[216]=-0.349868774 D[217]=-0.376800537 D[218]=-0.404083252 D[219]=-0.431655884 
 
D[220]=-0.459472656 D[221]=-0.487472534 D[222]=-0.515609741 D[223]=-0.543823242 
 
D[224]=-0.572036743 D[225]=-0.600219727 D[226]=-0.628295898 D[227]=-0.656219482 
 
D[228]=-0.683914185 D[229]=-0.711318970 D[230]=-0.738372803 D[231]=-0.765029907 
 
D[232]=-0.791213989 D[233]=-0.816864014 D[234]=-0.841949463 D[235]=-0.866363525 
 
D[236]=-0.890090942 D[237]=-0.913055420 D[238]=-0.935195923 D[239]=-0.956481934 
 
D[240]=-0.976852417 D[241]=-0.996246338 D[242]=-1.014617920 D[243]=-1.031936646 
 
D[244]=-1.048156738 D[245]=-1.063217163 D[246]=-1.077117920 D[247]=-1.089782715 
 
D[248]=-1.101211548 D[249]=-1.111373901 D[250]=-1.120223999 D[251]=-1.127746582 
 
D[252]=-1.133926392 D[253]=-1.138763428 D[254]=-1.142211914 D[255]=-1.144287109 
 
D[256]= 1.144989014 D[257]= 1.144287109 D[258]= 1.142211914 D[259]= 1.138763428 
 
D[260]= 1.133926392 D[261]= 1.127746582 D[262]= 1.120223999 D[263]= 1.111373901 
 
D[264]= 1.101211548 D[265]= 1.089782715 D[266]= 1.077117920 D[267]= 1.063217163 
 
D[268]= 1.048156738 D[269]= 1.031936646 D[270]= 1.014617920 D[271]= 0.996246338 
 
D[272]= 0.976852417 D[273]= 0.956481934 D[274]= 0.935195923 D[275]= 0.913055420 
 
D[276]= 0.890090942 D[277]= 0.866363525 D[278]= 0.841949463 D[279]= 0.816864014 
 
D[280]= 0.791213989 D[281]= 0.765029907 D[282]= 0.738372803 D[283]= 0.711318970 
 
D[284]= 0.683914185 D[285]= 0.656219482 D[286]= 0.628295898 D[287]= 0.600219727 
 
D[288]= 0.572036743 D[289]= 0.543823242 D[290]= 0.515609741 D[291]= 0.487472534 
 
D[292]= 0.459472656 D[293]= 0.431655884 D[294]= 0.404083252 D[295]= 0.376800537 
 
D[296]= 0.349868774 D[297]= 0.323318481 D[298]= 0.297210693 D[299]= 0.271591187 
 
D[300]= 0.246505737 D[301]= 0.221984863 D[302]= 0.198059082 D[303]= 0.174789429 
 
D[304]= 0.152206421 D[305]= 0.130310059 D[306]= 0.109161377 D[307]= 0.088775635 
 
D[308]= 0.069168091 D[309]= 0.050354004 D[310]= 0.032379150 D[311]= 0.015228271 
 
D[312]=-0.001068115 D[313]=-0.016510010 D[314]=-0.031082153 D[315]=-0.044784546 
 
D[316]=-0.057617187 D[317]=-0.069595337 D[318]=-0.080688477 D[319]=-0.090927124 
 
D[320]= 0.100311279 D[321]= 0.108856201 D[322]= 0.116577148 D[323]= 0.123474121 
 
D[324]= 0.129577637 D[325]= 0.134887695 D[326]= 0.139450073 D[327]= 0.143264771 
 
D[328]= 0.146362305 D[329]= 0.148773193 D[330]= 0.150497437 D[331]= 0.151596069 
 
D[332]= 0.152069092 D[333]= 0.151962280 D[334]= 0.151306152 D[335]= 0.150115967 
 
D[336]= 0.148422241 D[337]= 0.146255493 D[338]= 0.143676758 D[339]= 0.140670776 
 
D[340]= 0.137298584 D[341]= 0.133590698 D[342]= 0.129562378 D[343]= 0.125259399 
 
D[344]= 0.120697021 D[345]= 0.115921021 D[346]= 0.110946655 D[347]= 0.105819702 
 
D[348]= 0.100540161 D[349]= 0.095169067 D[350]= 0.089706421 D[351]= 0.084182739 
 
D[352]= 0.078628540 D[353]= 0.073059082 D[354]= 0.067520142 D[355]= 0.061996460 
 
D[356]= 0.056533813 D[357]= 0.051132202 D[358]= 0.045837402 D[359]= 0.040634155 
 
D[360]= 0.035552979 D[361]= 0.030609131 D[362]= 0.025817871 D[363]= 0.021179199 
 
D[364]= 0.016708374 D[365]= 0.012420654 D[366]= 0.008316040 D[367]= 0.004394531 
 
D[368]= 0.000686646 D[369]=-0.002822876 D[370]=-0.006134033 D[371]=-0.009231567 
 
D[372]=-0.012115479 D[373]=-0.014801025 D[374]=-0.017257690 D[375]=-0.019531250 
 
D[376]=-0.021575928 D[377]=-0.023422241 D[378]=-0.025085449 D[379]=-0.026535034 
 
D[380]=-0.027801514 D[381]=-0.028884888 D[382]=-0.029785156 D[383]=-0.030517578 
 
D[384]= 0.031082153 D[385]= 0.031478882 D[386]= 0.031738281 D[387]= 0.031845093 
 
D[388]= 0.031814575 D[389]= 0.031661987 D[390]= 0.031387329 D[391]= 0.031005859 
 
D[392]= 0.030532837 D[393]= 0.029937744 D[394]= 0.029281616 D[395]= 0.028533936 
 
D[396]= 0.027725220 D[397]= 0.026840210 D[398]= 0.025909424 D[399]= 0.024932861 
 
D[400]= 0.023910522 D[401]= 0.022857666 D[402]= 0.021789551 D[403]= 0.020690918 
 
D[404]= 0.019577026 D[405]= 0.018463135 D[406]= 0.017349243 D[407]= 0.016235352 
 
D[408]= 0.015121460 D[409]= 0.014022827 D[410]= 0.012939453 D[411]= 0.011886597 
 
D[412]= 0.010848999 D[413]= 0.009841919 D[414]= 0.008865356 D[415]= 0.007919312 
 
D[416]= 0.007003784 D[417]= 0.006118774 D[418]= 0.005294800 D[419]= 0.004486084 
 
D[420]= 0.003723145 D[421]= 0.003005981 D[422]= 0.002334595 D[423]= 0.001693726 
 
D[424]= 0.001098633 D[425]= 0.000549316 D[426]= 0.000030518 D[427]=-0.000442505 
 
D[428]=-0.000869751 D[429]=-0.001266479 D[430]=-0.001617432 D[431]=-0.001937866 
 
D[432]=-0.002227783 D[433]=-0.002487183 D[434]=-0.002700806 D[435]=-0.002883911 
 
D[436]=-0.003051758 D[437]=-0.003173828 D[438]=-0.003280640 D[439]=-0.003372192 
 
D[440]=-0.003417969 D[441]=-0.003463745 D[442]=-0.003479004 D[443]=-0.003479004 
 
D[444]=-0.003463745 D[445]=-0.003433228 D[446]=-0.003387451 D[447]=-0.003326416 
 
D[448]= 0.003250122 D[449]= 0.003173828 D[450]= 0.003082275 D[451]= 0.002990723 
 
D[452]= 0.002899170 D[453]= 0.002792358 D[454]= 0.002685547 D[455]= 0.002578735 
 
D[456]= 0.002456665 D[457]= 0.002349854 D[458]= 0.002243042 D[459]= 0.002120972 
 
D[460]= 0.002014160 D[461]= 0.001907349 D[462]= 0.001785278 D[463]= 0.001693726 
 
D[464]= 0.001586914 D[465]= 0.001480103 D[466]= 0.001388550 D[467]= 0.001296997 
 
D[468]= 0.001205444 D[469]= 0.001113892 D[470]= 0.001037598 D[471]= 0.000961304 
 
D[472]= 0.000885010 D[473]= 0.000808716 D[474]= 0.000747681 D[475]= 0.000686646 
 
D[476]= 0.000625610 D[477]= 0.000579834 D[478]= 0.000534058 D[479]= 0.000473022 
 
D[480]= 0.000442505 D[481]= 0.000396729 D[482]= 0.000366211 D[483]= 0.000320435 
 
D[484]= 0.000289917 D[485]= 0.000259399 D[486]= 0.000244141 D[487]= 0.000213623 
 
D[488]= 0.000198364 D[489]= 0.000167847 D[490]= 0.000152588 D[491]= 0.000137329 
 
D[492]= 0.000122070 D[493]= 0.000106812 D[494]= 0.000106812 D[495]= 0.000091553 
 
D[496]= 0.000076294 D[497]= 0.000076294 D[498]= 0.000061035 D[499]= 0.000061035 
 
D[500]= 0.000045776 D[501]= 0.000045776 D[502]= 0.000030518 D[503]= 0.000030518 
 
D[504]= 0.000030518 D[505]= 0.000030518 D[506]= 0.000015259 D[507]= 0.000015259 
 
D[508]= 0.000015259 D[509]= 0.000015259 D[510]= 0.000015259 D[511]= 0.000015259

[end]
